1573901014
594761762
1846955368
1554713112
-1181791595
-1543819822
2065397817
-1124278392
452258457
2000123091
-2095587202
160856940
-372732977
89720615
1235668591
1382381867
1909241777
45317233
16306771
-1633288935
1383674191
1407147275
1185461592
-178373225
1624841530
-484733616
795690252
638791664
-1896909897
-373873389
-299934747
-1493920667
-1113525221
-1041503819
-170609099
99397190
-243831472
937782829
-586992923
582407236
-1628587379
510116345
-194653355
1719960190
1712315996
-1135001645
80931576
-1998688757
-317681690
-408848402
2142727472
-1288912393
-203547548
502808382
1954109364
-1676237495
-455871690
-101132909
77470875
-2130320154
-249638413
-250427775
-469206848
122427864
368408434
1570455885
-1246972525
1030366496
-828137819
-1172351350
1055685766
833827284
-1678329161
-2005015178
-1033142208
1324501078
40056243
694701839
-338337701
-106644358
-2011614653
1488104972
874459775
-1889672303
-1842389091
746144783
-462011181
244475002
-1783951598
628801930
523940526
-44856094
-1043464068
-1120493972
-94325079
490451928
1622237261
1852952261
32
